image_width: 640
image_height: 480
camera_name: narrow_stereo
camera_matrix:
  rows: 3
  cols: 3
  data: [1367.482733, 0.000000, 413.859812, 0.000000, 1417.095603, 47.350579, 0.000000, 0.000000, 1.000000]
distortion_model: plumb_bob
distortion_coefficients:
  rows: 1
  cols: 5
  data: [-0.231701, 0.023525, -0.039320, 0.001558, 0.000000]
rectification_matrix:
  rows: 3
  cols: 3
  data: [1.000000, 0.000000, 0.000000, 0.000000, 1.000000, 0.000000, 0.000000, 0.000000, 1.000000]
projection_matrix:
  rows: 3
  cols: 4
  data: [1347.040771, 0.000000, 416.509809, 0.000000, 0.000000, 1348.238770, 40.778208, 0.000000, 0.000000, 0.000000, 1.000000, 0.000000]
