# oST version 5.0 parameters


[image]

width
640

height
480

[narrow_stereo]

camera matrix
1367.482733 0.000000 413.859812
0.000000 1417.095603 47.350579
0.000000 0.000000 1.000000

distortion
-0.231701 0.023525 -0.039320 0.001558 0.000000

rectification
1.000000 0.000000 0.000000
0.000000 1.000000 0.000000
0.000000 0.000000 1.000000

projection
1347.040771 0.000000 416.509809 0.000000
0.000000 1348.238770 40.778208 0.000000
0.000000 0.000000 1.000000 0.000000

